65770
2969
28387
5700
85679
54123
27537
97870
46285
38011
97747
16824
41384
78735
89993
85170
25726
70955
71625
53381
63242
70095
12688
58076
9442
14124
16889
22288
97888
27844
30571
13039
11037
12797
17836
73801
51193
62850
41940
60374
74904
27255
43292
49063
73094
80246
86389
20583
20731
25995
98901
61806
92922
46376
10477
96099
89523
27110
64726
21194
5960
25529
28297
58673
85773
44526
80557
40371
4200
35203
61803
32680
42488
80899
99582
77994
95795
33054
6407
39395
74599
8513
96572
80888
81825
49846
37600
68684
53964
24315
23566
65650
46834
6263
30767
33972
53950
20095
60331
67929
34017
26724
88860
25878
91603
30293
42110
97716
34098
62969
34210
14297
51526
28193
55682
56598
293
366
49647
94605
29618
95423
65958
12956
79231
9972
52289
2730
21556
84708
92393
26349
90632
87191
58313
43574
56140
49313
76126
88506
9159
22364
95307
29213
89052
5696
71785
33789
28328
5634
40412
39608
89159
95911
73728
66075
85942
10627
56482
53129
44595
70962
4171
32196
76960
29521
14551
93787
88199
99322
95524
89071
87895
5691
56710
63747
74541
70130
96311
2080
65134
80231
20652
19459
22352
95750
30626
68452
16217
5143
9911
4
42207
21404
16246
82225
29358
29062
13930
62296
89064
40660
77395
45929
68486
5386
36791
79872
10269
29258
55279
34517
79580
57169
62114
64257
96785
78128
19664
1579
37260
99109
83620
78510
65532
50966
52653
34217
71605
69962
12806
61572
20690
48708
1264
81721
31415
41180
33953
28774
90704
23452
33814
430
6933
24340
30436
67622
84495
1082
68876
68643
67444
20482
95341
96158
37102
2421
63988
69408
75385
20049
44270
88304
50219
45533
89534
75254
75855
15335
19721
76299
70282
37916
44367
20127
53822
88068
61300
9735
12652
9143
69084
29985
53204
28224
52438
23397
64217
59948
61743
78346
77888
21967
82023
60305
24054
19764
21665
93170
70641
53854
12275
52322
27023
64063
9790
30270
16763
77908
94647
69014
47438
22364
5476
59224
76721
97972
97154
95416
39201
35600
67331
1306
53067
27287
78485
41884
96983
45691
34973
15106
90594
44692
99939
82239
65699
70105
13767
54588
41615
78554
35793
89417
51031
95484
61190
47422
90927
2642
70838
66956
62698
99412
52211
39300
92865
14175
53564
34116
87090
23305
84695
12378
32837
25471
63357
26038
49546
20797
33390
19888
11070
19336
74598
20019
37197
83404
3912
17221
38129
37358
33302
96563
88440
17005
27299
3294
7492
82617
24959
86300
171
84848
39730
54733
38591
881
11140
34075
22472
55455
55448
28332
76845
58132
96953
42920
85522
80575
26221
13953
73947
41211
31974
67523
89167
45294
9015
84954
2968
96731
41956
72314
1958
38660
21298
99568
93075
31615
16093
75843
10753
31475
91208
56773
18016
6512
21615
89788
37900
81161
83417
6727
78642
92271
58890
85391
96851
17451
65428
12781
26786
59351
73325
71794
74311
94009
42683
45686
28998
80029
97612
20032
29690
95310
91267
79663
93114
47409
47596
83203
829
47711
21585
2955
41050
68605
8421
48684
78537
75289
4445
84490
92709
78978
607
65270
50034
12516
59186
55060
93691
80159
39253
53000
37045
66116
93484
86301
71200
12268
74068
95569
48203
16948
52184
36384
42486
84440
8380
12524
70131
85227
13174
97350
37222
38192
51037
85084
51788
34905
4698
98878
70775
48121
50587
64878
76983
81448
70982
19780
69269
18003
32715
18363
97209
63133
33234
86812
683
39510
97139
88964
13110
19925
37444
89365
7944
70773
13837
29302
24087
34346
18359
11848
47230
49567
47875
10566
34308
22926
60408
63095
39710
28859
8948
67188
52010
49485
97027
73296
62748
59881
77902
60393
98230
90796
25066
96650
16400
23941
18161
49658
54936
99854
76078
1605
65811
91173
64562
50948
97441
2059
10371
61419
43966
43479
75572
26096
84068
20824
51728
44467
5326
21158
35344
13262
81336
46180
98572
1530
88162
78356
8878
51547
88659
42486
95778
97193
95834
50943
95049
87229
82640
11570
59213
7892
78138
94301
64367
31491
49418
84275
11260
93271
54852
44929
60222
13831
67806
71343
73455
16953
95585
20534
65768
749
44717
98904
47511
91018
67288
52672
1007
77379
14134
34999
14713
2054
52085
1088
52009
62593
26240
94705
84619
3409
45827
77582
89180
42600
25710
66724
69397
27034
20626
5726
40674
42212
45960
41384
70001
65146
57905
59102
52838
9228
1976
7343
97708
84372
33044
89620
49317
84062
87497
1191
7938
18324
64590
26017
17934
17925
78282
50004
87140
29330
32952
40514
1602
11093
69225
17880
8405
80270
29096
43819
84627
90251
73912
30189
73192
45299
15706
46284
53896
31663
95755
25256
5156
74581
51242
92078
78711
94675
61592
99957
43744
69716
81783
6804
13002
53970
87125
447
60390
16313
11074
32796
96826
79540
4988
8966
56019
95958
34796
72413
91638
82790
14825
52968
22261
43336
17883
98473
76605
39492
12474
40475
6187
40630
55861
20010
90303
40433
85006
45454
57896
39216
7906
22790
25247
16347
52102
26445
9744
42290
22349
90876
3379
86393
27239
44348
57433
85248
75940
27877
39234
40846
83286
35544
52555
77578
67827
95926
21444
90501
32633
11227
24512
23143
97037
87611
43334
58100
86300
18231
85476
6363
60322
50523
55011
77755
54089
34615
33941
97138
45225
88120
90731
1348
27182
38883
60483
66180
94167
53677
48191
86754
65627
40314
19473
46033
3462
61264
41426
67828
95425
24759
68338
36676
23183
35727
74505
19968
60563
40174
30572
21138
90319
57844
6331
81210
39144
54509
10616
78297
25093
25475
98098
4188
58102
46333
57279
75171
80946
90713
94024
58221
68152
88673
33118
78210
52311
39180
63338
79325
98441
5492
60482
78291
22330
7311
76824
69252
83878
37516
66380
7997
80673
18796
90722
43016
64816
67355
28398
26097
69780
105
4044
68757
17575
32490
21996
49705
53087
23430
67530
11044
70767
54717
3804
35722
9741
66971
51716
10711
81358
36596
83237
49188
57037
19964
80019
60952
11115
40197
81123
44238
96177
91926
14945
34047
15089
14341
16993
66220
72842
43793
41325
29867
76873
84190
55965
8939
3692
85645
39428
42469
79235
76759
30727
38497
73424
17447
52745
24802
15917
39377
4513
61775
79020
57715
19981
34303
67609
11174
32608
32448
87036
96481
3190
72741
19835
41450
64361
50537
76125
23897
59164
19684
15592
20300
7508
10889
63756
81025
30343
12473
78841
73459
70604
6152
12842
27603
21074
37033
3205
52994
72365
15897
97114
42569
15275
80965
6857
30678
95204
75929
54113
67827
78736
66183
33987
47812
89330
51344
18117
77021
77778
1585
69554
44158
63241
89484
58158
43884
1173
88146
83704
60653
85420
58123
36584
40831
24366
39842
12088
20981
8851
55343
46942
76175
4067
83554
41655
35701
33508
41033
21600
10481
30318
88382
61150
79206
82523
96784
91677
26224
31770
10636
43958
73049
5314
98537
8905
41941
60899
56013
68842
13819
96121
12030
40440
35265
40186
82121
67176
37395
1871
86985
26688
15983
96447
15252
2208
78912
15750
85896
29275
42676
22820
1741
87010
75996
90674
85319
29826
53185
30288
8667
36836
45981
4858
1211
16754
45373
69305
39792
79546
91857
21973
58819
1003
91756
93192
41128
14651
85535
73294
8263
59787
54093
46201
72264
95234
69546
62528
794
36118
70197
62295
69249
35306
86287
31259
46170
39505
80342
49444
48204
74001
23235
50428
27212
81538
18909
41230
87788
62997
51895
3544
4930
18866
68109
83323
51665
26297
57110
59921
22966
82410
26374
3678
66097
81952
84195
83198
24270
31673
80514
99326
68495
17361
98622
92743
11320
35083
22068
12534
63638
51281
96317
21831
72429
6355
62761
75215
82492
59691
1972
59432
1519
71713
91080
19815
30177
17899
61199
41033
89996
69804
67955
1932
12751
43773
26005
7035
26042
6890
80550
15777
63385
5843
75044
89503
89435
58194
88853
4312
17054
46332
91129
82185
86328
88512
40239
21366
38564
1997
72359
23104
47912
3665
62303
59731
94815
95515
95868
96955
36360
95650
33767
19830
26953
22271
75585
3204
46017
212
41956
40348
68841
4944
1112
26393
70438
83787
37359
65329
20783
40204
43326
68837
31829
75850
35256
39636
61491
28654
95688
41323
15283
12952
18923
67831
41595
78073
58343
52539
33650
34429
93036
34301
47955
92587
69254
91162
20141
97189
7068
3130
95604
6314
59272
55486
15656
48603
14739
14934
76767
63771
68076
9199
23346
5519
19301
74634
5121
76804
53771
20647
86884
27376
59776
80224
20463
52785
83286
9490
52224
94674
33545
46518
74472
75756
65786
17999
81396
83433
29604
49755
66296
19780
39933
64492
75351
43692
12139
51313
12209
78054
91456
53165
53064
47282
52883
21353
51761
70502
10972
52389
96436
96119
53356
617
73376
52631
1543
37114
16943
9688
2111
29577
84080
7278
48078
56005
14199
5394
27088
78448
38301
87810
19322
4687
81013
50438
24731
9627
53741
57550
48077
11381
90653
49208
38584
65719
62415
44397
95780
94117
5610
44043
31896
83329
55773
41469
68596
60542
49957
11878
20615
90125
28347
69276
16398
19027
21405
3857
98634
58556
3383
8366
6364
35784
12206
29784
23424
37059
70985
60628
30243
13939
12764
2726
45955
4362
60530
10837
40770
49820
60726
57067
44645
41290
99486
99608
17711
36028
76917
20630
65877
49486
30564
88104
34398
48353
38140
19291
8505
24274
81602
44942
29467
87496
80535
30062
52691
10183
73123
18234
96620
55713
58750
72326
31135
82060
50458
45211
65458
68655
65968
49818
43248
49462
75398
7457
14854
62885
61754
8679
86648
52488
97582
12769
72126
53449
85040
83271
65758
19291
93668
94064
34087
61203
81840
35770
3591
53751
15780
32007
52170
37455
70820
95393
69391
46007
16691
29789
60040
33014
3485
13981
82831
84969
30178
40528
23168
73657
68986
88308
48311
48555
72201
45404
30406
24246
19233
98764
71826
71727
44878
68865
75691
40704
46434
22414
94374
95383
20862
81344
16633
70266
78073
2019
31955
38105
77808
9694
25397
82524
22314
99130
55985
45915
69927
50176
80893
9100
44517
58848
37300
46327
9646
84237
88042
36646
99233
59557
37001
73304
25499
42831
52269
24117
5122
42237
54456
41851
6510
67697
11826
19350
83508
44348
40545
43631
49905
63361
77921
83291
52175
31609
14401
10740
18711
63119
3258
57637
24723
56171
90060
68063
12574
80556
2294
82249
61483
54190
67826
21428
8015
80172
6411
61612
76364
97439
64827
79562
2522
6628
51782
7558
48372
68987
11373
50474
62013
64523
48175
1794
33261
17444
60611
28944
99932
55165
80138
124
26089
13883
14228
91784
8103
79923
274
10433
34725
79622
76468
55345
51352
2699
29726
56850
45352
62059
12715
90717
60212
41158
26910
62209
85634
45043
19841
22447
2311
39108
82429
99793
13775
37511
7668
75195
85290
27369
98078
13465
40660
55478
63998
95304
61086
73020
60672
83362
46558
4717
21233
18001
62640
86786
24507
95300
45703
72220
40796
78399
49013
95366
25026
99916
7218
27831
46309
11504
72492
47572
72576
16057
5324
44882
20782
62387
42209
51225
58077
12506
66187
74532
81426
61641
82790
38628
56985
59441
97584
38980
98502
43877
25
10184
70029
29490
74086
26863
27994
78924
5506
80631
72974
73732
63266
60383
54839
54710
74099
74375
6603
46334
39459
92756
82657
91242
31400
72849
80684
65675
96240
59823
70548
57829
87975
94604
5715
56422
47711
33106
47273
87347
1631
26902
25116
89182
40234
28193
75695
91828
90282
57291
72478
67187
50969
3395
60019
23032
72620
53195
78824
25750
44253
31552
49114
53635
74899
1656
97319
83468
45808
76036
62916
18697
85110
34517
34525
94219
85367
49083
27113
85394
51289
42760
24808
81499
4706
93042
38493
78743
92229
92856
7362
63191
7656
70140
59117
62242
32945
45038
90749
44553
3661
38762
46944
68722
60957
69144
50469
90832
60542
28433
64152
97652
12371
87681
29792
14781
10257
49928
80465
490
74471
67578
19950
25456
7016
49286
16735
30664
92726
37236
39978
31967
74284
85127
36849
90545
33704
24163
80040
51664
12339
29832
90578
98782
44238
41436
88567
28506
63516
98310
54532
1846
70822
58358
32063
71719
27439
39107
77701
20919
31956
9005
48993
56661
46815
2273
69323
21419
78313
80378
79611
32431
81033
63236
7881
32211
81342
23707
13379
73720
90740
17363
25898
27743
48439
63633
2601
63616
56657
28278
9618
24339
60673
84764
43095
94124
97307
35065
834
42052
66709
22497
83730
25522
26805
13032
26546
9592
59669
14660
49272
15610
38064
39184
37239
12201
10412
71854
16289
64318
25700
11716
39580
11042
36048
35591
1919
75946
74099
64917
44298
6560
84833
21500
23968
74588
29451
51608
87042
66577
47497
9978
50440
74660
91650
98596
56446
99608
30299
89104
69082
58821
93978
47248
89334
87206
20949
24593
19918
50609
82876
96825
39767
17570
70720
8367
36153
32209
1534
9177
26699
28130
12812
88256
49290
46331
92351
41937
53205
61935
93047
27101
39912
13369
51431
92287
20339
93189
88452
46237
15991
75496
71722
61864
26748
59375
90278
28158
8498
11253
91395
96399
7266
36527
20180
75964
51215
64353
82907
22235
89615
28563
30068
44343
59776
39742
83329
62325
68265
9441
53746
37937
68686
8944
35984
40487
34191
23404
39751
38285
50814
28365
3374
15965
37403
56187
47924
92049
52909
9852
13161
89863
55999
13928
48134
49540
23765
18809
54010
49301
65354
32190
35633
91248
65960
35407
84771
19513
51970
75386
96567
17952
39217
59388
71410
92392
37609
39307
49216
92003
68152
51504
47006
82137
71707
39538
83233
74535
62076
25165
84102
47331
76139
28002
63671
31550
47800
7016
80087
86275
25707
33088
650
56380
61792
52326
49860
59955
38466
70211
17133
20502
31843
25856
27341
92052
47445
37461
15546
91268
55848
27391
13978
56548
82657
39855
43831
79103
32595
49055
72191
72808
11068
32896
65877
52195
94462
19536
10520
34243
66585
52263
95501
67278
7746
87056
73579
56092
30850
33716
25731
126
13870
60465
9738
88636
99358
21162
40869
84247
83531
20217
22064
39085
4234
27104
56587
24314
57696
20156
53089
74555
47521
75386
42774
13326
58122
11204
57292
84694
28054
25716
12338
11387
55744
86377
24618
7086
8599
55895
33685
72906
58743
98393
69150
69813
48201
68161
43296
68582
36121
56368
74676
64512
49232
73314
23450
63996
17070
51872
41220
62726
41189
92441
68762
98046
61589
59594
68333
32671
38399
6650
5628
82588
3369
90435
6332
46757
64301
72682
21576
89417
17342
41648
1797
32566
73304
14273
54415
23355
45890
35785
63718
25327
34723
33254
3087
27275
91710
2745
29960
30802
11724
81526
54956
77873
39829
34747
65599
81792
61450
57950
48503
66536
55298
33790
63175
41663
88622
30459
78825
86255
70139
76962
53862
54710
50436
17441
99237
8550
5522
81497
61583
4363
88977
28945
76731
56397
85551
58662
74459
11019
34132
56288
71201
56424
71065
90880
96111
16930
27271
46358
76666
73564
18828
12784
8346
3262
65692
35340
75729
40531
86914
24238
64533
30064
98370
34925
30268
81492
85260
97831
10467
65962
41887
52885
7547
99947
94552
71898
71632
78977
41109
80436
88407
19687
61674
23925
15380
33836
18591
23724
31013
58262
48740
28380
69103
32962
24914
99246
59779
7210
34240
84866
59212
20288
41054
36065
2615
97431
61874
47694
6047
95104
20589
96635
89781
99474
79304
12695
89449
90115
60064
58181
4663
60883
29291
22152
33200
57352
40118
28538
20708
97299
3582
69180
33929
33745
16263
50888
53643
20686
19035
22018
42224
54372
39650
60045
97894
27554
2587
30649
73196
67816
5557
88922
94330
90606
16940
16789
36366
43107
70179
8243
22771
85619
54522
71480
2351
35138
47820
1677
94378
14518
30344
93721
48087
29745
48394
27918
77536
13403
64790
30016
62738
61246
97296
10896
33826
90315
17722
30567
9082
10970
90411
46238
29637
30510
38409
67578
56946
88055
60611
23285
31592
78577
11373
32791
19431
74794
6296
10276
46102
1409
22861
15343
18351
81770
66150
73548
47107
32558
138
34050
37323
22479
74531
73311
58956
26952
18462
43334
41446
28339
27134
84932
6393
26117
33948
44737
99957
29492
30495
65841
78717
39640
93429
53546
84118
18927
85835
43119
30673
7035
48303
38251
22515
50726
35583
31642
57278
30918
77165
44321
89950
667
1106
62782
42290
90388
86508
34330
40212
9618
51925
18522
77383
29829
74273
82293
38236
35090
63188
92032
73505
65014
63389
49285
34983
5636
25491
25810
55182
55978
98283
45678
85839
48626
72499
10502
67109
4164
41070
72166
20921
52425
2860
92867
9513
71466
62277
93141
23349
90199
86195
67842
78374
38595
35049
18772
794
88300
36947
7085
48240
33049
79787
34929
35148
7677
69493
84098
88968
14328
77464
95177
82520
15100
79610
68176
41304
90892
7798
65836
72948
67329
38909
9400
84211
82310
13958
28029
85857
32547
51347
69293
78328
44280
57890
47695
10699
33375
14572
13780
29742
84051
43101
9960
6501
29488
83793
67940
7783
62608
16456
24545
32270
91860
43301
26247
38910
56868
70697
15171
13424
10157
72710
99991
20635
67241
78339
65419
8797
28701
29420
30113
61643
79099
24722
97350
80947
75016
26182
39012
12298
97336
36397
12533
28087
2421
35297
88723
58715
53471
21157
70602
60603
6957
89410
55790
3723
25969
11522
84233
25753
63258
41128
18956
68595
78195
53802
1575
68822
9769
23597
27732
79029
58793
91100
23374
65698
84616
33156
19679
19804
58396
40174
77302
71925
42440
21882
58392
20830
74325
14836
94893
34385
53211
6390
32571
59771
98335
38394
53360
31524
66934
7418
31320
49404
28968
52358
16015
72932
20048
56385
93136
54710
7200
23449
50316
53810
80385
81793
69495
8807
29591
22508
50204
27514
18627
53352
47760
93461
27811
48757
65028
49519
11284
77985
13524
724
83863
87745
86364
24177
49073
53358
67243
11742
66605
88633
88335
16904
66652
49900
66288
79930
25821
82687
61753
75911
1559
39572
41808
51223
25123
94832
88487
34732
28326
17782
26347
90447
54236
66497
57338
76828
99793
64989
60657
55719
34952
57411
59075
82953
70559
18191
63110
76075
33769
54688
65896
91597
92347
62220
53823
55060
91011
22909
14397
72718
22545
85100
99810
91875
27609
7160
23532
18586
63473
62531
45001
46181
55862
76746
11213
8746
91787
14239
17343
41166
31393
88100
86349
20064
4082
18981
78337
53120
8262
73331
32331
23882
13721
33785
34013
35363
53524
16381
48950
32830
52568
19540
13430
7852
50457
39362
5648
38110
50759
89838
81469
30456
26471
78398
82381
35955
69760
2963
9721
83023
52754
4547
17652
52596
11521
78863
77472
59171
6416
85793
86652
52830
37863
94436
67163
60336
28215
74208
22384
72858
79124
93744
23013
41851
64385
35234
9963
85916
69354
13706
22636
99925
88618
12803
61148
49951
37229
55556
60590
439
49840
80058
65923
3212
4709
28999
25309
41957
50962
70743
35793
71794
61017
25051
56059
31245
84242
31013
3116
53132
99700
22334
64926
455
87474
3719
9032
2656
54562
7818
58796
42964
27514
68540
54190
30268
948
57457
87232
11072
10096
40508
51032
83129
88887
19714
26179
17185
29341
11194
35506
32570
5121
99971
41267
64215
46255
72066
12987
2731
2340
35670
126
8876
55697
44345
66337
84931
89464
15158
54695
35859
85875
94274
56008
25092
6581
66777
21408
53195
73288
64757
14819
64376
18165
2189
23726
71035
61795
18984
88697
3347
67062
57596
84232
19701
56856
5256
1601
29173
8790
55946
84536
49012
23713
42013
3685
98055
14165
77875
20279
89439
63958
62059
77506
25146
28374
47536
51188
52134
5907
44685
88198
35597
55453
95248
60302
70498
12917
91194
95153
95078
38321
91136
53941
76438
76189
22914
9940
42965
27291
17254
67788
85682
70539
98128
50900
11958
26565
21279
77705
69868
22627
27655
93287
18573
59740
93350
52883
57031
92491
47109
9845
32745
6190
47886
90851
41549
41930
41861
45272
18723
67500
50468
86531
46294
95594
88886
28284
2494
95400
73232
87697
64097
9591
12039
57343
79430
39256
60018
61084
97784
32286
42397
97361
29107
14321
83750
29541
30990
90350
21496
62197
40325
70572
90082
32128
22913
90201
89172
64158
87814
73571
87957
94672
57946
56179
16131
70098
86893
43828
58632
89325
92649
74258
68565
95754
80983
44509
24414
2401
19595
65004
58865
49199
17710
58526
41812
52998
6438
19643
80027
31518
17700
51801
1891
43273
15721
45660
32686
36229
41910
53493
3771
86058
60111
73291
22369
81923
55402
12502
70184
22297
53018
40103
95748
51179
59155
51686
80366
8890
53977
79348
45089
99329
394
24239
9198
91073
76580
1524
13853
7706
16340
94590
76001
46742
62044
97100
5558
27776
40640
68513
60249
31954
44302
53765
31940
69292
71591
55081
11268
26464
21486
30568
48953
22953
14924
55305
12650
11932
23998
46880
86307
1047
30556
2996
91660
6551
23366
9243
24551
7558
97101
49506
56645
13104
58939
47241
81157
27286
94656
86795
42250
82812
78522
19003
37336
71133
28768
18282
65131
79102
96395
36965
47220
33728
31905
16570
20434
99215
53760
80827
19304
47223
17156
57788
51392
78999
95637
29943
88124
15341
48016
17135
9812
75089
67055
93041
8401
80382
93496
67606
39813
18955
68159
61317
6789
74423
26553
63797
47237
40195
15198
16144
50606
88505
35769
58676
93342
26698
26640
48563
55580
84054
43243
27738
82646
32548
22275
61550
36697
15122
80360
81010
54476
97286
88174
66245
48074
36322
12181
30697
78106
21270
95316
25246
76300
95024
82786
39053
72787
21774
29984
83873
97881
50516
96390
85263
1987
51161
53801
96566
17315
22524
26565
35361
11924
56116
70509
10474
98805
29541
15020
91225
6757
526
71863
28682
36887
40382
51409
68652
74834
61031
64954
2565
55464
70892
52277
18675
47889
86996
9013
91885
68323
56608
54179
21544
9008
50361
79086
79446
67677
72962
11376
32297
77978
20109
83001
70806
68418
5609
61179
53044
57841
98457
92305
51235
84957
74144
60428
40041
95250
1113
9371
52087
13166
66243
34326
56555
78102
20536
46279
98223
96371
85311
18902
44190
42509
99256
43408
87271
17218
25877
84307
91242
98722
18376
52153
38111
28394
96854
44478
7286
26588
3467
54383
21112
74167
85096
40369
20173
48120
30743
99947
50199
8781
48223
72370
85436
59698
91570
44207
28257
3914
42788
33806
8657
32507
55479
52038
60701
23494
60945
43360
79517
20097
60911
31270
72085
31539
1843
11785
86963
70700
91736
77230
79956
39486
52326
3767
16870
58940
33921
51530
3176
89294
93372
33216
92782
24174
41931
98188
68353
25730
54390
93125
26883
92566
35017
43218
22224
7957
99624
57969
68384
67812
32928
97733
52872
97787
97081
55962
90049
63361
75943
72565
64768
2051
19104
80828
73412
18384
37832
4255
70735
6068
20232
13250
71371
1231
7901
76041
58062
402
57516
90975
48344
24405
28659
86978
29689
39927
37147
18926
90352
8755
66569
18340
63726
72124
13524
9975
71000
37845
21457
57716
81227
78735
64939
86411
63898
51424
81262
16126
34803
6748
90434
28997
96161
4371
18676
59259
34314
27815
39120
95752
34455
39240
23051
52236
10004
7693
71645
29349
71310
75921
62860
14685
24473
49928
42371
91796
90452
79517
32609
23141
89764
99626
16462
12439
58492
13426
21257
54530
32798
65118
62780
78652
4252
30866
38769
33344
88311
96011
43358
61273
37385
72472
39003
17808
95198
338
91668
46352
60
58010
30234
55922
40643
44077
44373
25322
39375
81542
20404
81869
74747
85264
3652
20157
37024
44774
24478
65683
47580
78698
8763
54344
80525
65694
17795
29984
44700
88610
48867
1460
10870
57674
32413
36762
3541
62491
90457
29266
83134
28771
96634
33327
29540
80338
12907
45121
33834
6424
71992
5787
59077
1821
88312
48742
33983
45431
32712
69153
56984
86731
28788
65779
21703
86563
36558
81455
42975
92392
82848
68226
90669
65084
82782
87997
83101
52951
91157
96281
7804
63420
353
43435
15799
58680
25818
32262
54851
98838
42669
79048
65142
87297
15241
47042
1715
47703
6928
55175
90691
95271
44206
85808
56862
24551
61510
72009
15018
74420
79719
65916
36154
38598
91741
8056
86039
89135
38980
79837
8540
4689
33432
999
8315
42713
72456
70965
18237
8252
3240
43157
83911
19916
43654
98861
41368
35414
24308
39560
83374
96732
40228
62940
64713
43466
42578
80980
6343
38935
77370
85663
99695
74746
86027
77940
81737
76262
79284
70047
60970
23812
58906
28973
33997
53260
61675
14480
9565
53439
1133
58927
42767
41891
99024
686
36300
35964
88002
35253
61357
73700
62401
95167
38527
74599
4939
48769
56293
76061
84625
33141
18813
3140
36266
56803
67387
42074
93444
70571
8785
67636
88021
90577
68144
57630
14479
16357
37000
91408
76146
12109
4939
56680
69340
62290
66160
89674
29660
20196
43988
8049
54820
23019
87643
13552
35228
99403
80595
18538
61330
70771
12825
36554
45327
50146
13717
36032
39910
65878
15361
48569
62950
41362
33575
28346
9551
41196
99048
9080
71425
47184
81976
97398
89423
22004
98023
94012
99027
26426
32891
45713
16795
26587
69017
95062
26657
63510
75810
14878
27672
64885
72314
19885
25954
2231
84708
82443
36542
36000
85224
16261
35199
74522
13463
98145
81784
47493
55622
90684
16788
47618
53046
34178
36994
41048
80884
75338
76525
90369
7131
58251
47081
70517
3895
76798
82281
40657
87365
96721
66702
66691
61399
15717
32250
36052
19859
90982
44227
26354
87099
51108
43331
36249
69287
80466
6987
85118
26062
14714
11544
25464
4164
36219
39742
76651
221
15585
5473
28946
70416
41888
78562
45896
70935
35724
61622
16915
64274
74935
65459
57454
78571
24488
50371
96594
65908
23828
443
1152
42508
46908
53990
99117
60449
34723
6938
35467
62672
65610
66636
16496
25000
61579
22974
53604
68204
46990
98551
4268
40983
3562
79756
98478
56025
2364
7546
62593
99552
92093
93109
26163
35506
76323
61466
55414
11222
64535
54561
57864
62867
78062
39854
51773
22704
63270
46407
71787
47355
42846
2720
2898
99749
62195
68370
59110
74666
16339
82250
85850
93102
84096
43965
98731
131
72227
63673
15238
74759
65833
48087
87383
67019
55231
66509
33743
87918
82085
59744
53457
26631
786
66166
88377
25186
91589
60137
51209
31969
94435
34712
9522
18180
6609
23608
65595
50052
11407
58791
80465
37913
62799
43329
7692
36667
96753
63723
49017
27813
22845
51021
31497
24405
21885
46429
25109
43792
68980
24054
76172
73315
21662
80936
64251
9957
96901
26664
88248
27192
55165
67912
59499
87406
79229
47362
87098
45736
84506
11853
54799
14617
3938
29202
12872
5225
20754
43129
23803
67797
2837
66716
58595
55924
44761
16285
13515
50453
36271
2515
18390
1380
47743
18272
99369
83435
56998
16862
7574
39381
82573
86103
47558
41870
50503
10004
30849
17574
7846
21421
43709
50324
83131
3488
44161
89015
62920
45309
57493
69688
61796
46141
20552
18155
41546
62514
53629
50100
50014
74042
47155
25511
97886
30701
77488
2151
38496
34646
98953
3536
87694
99007
19825
10065
63546
99940
13019
44848
29951
17482
35405
15314
72823
47528
65475
69266
14867
30531
11549
53422
88314
39864
81447
75393
17568
46387
50595
53258
2530
47004
53748
16524
53276
80017
2153
1871
50151
37966
42917
51653
9746
52841
2727
19974
50140
97434
3355
44028
32748
68279
92028
63483
15757
54046
36612
42472
8841
20460
58321
89498
31072
34507
17590
41726
78085
66919
1691
5908
52821
3105
84050
20951
59541
60957
6872
59162
69896
51702
40547
88910
49418
72690
33390
42528
50699
12336
28766
35551
62923
53789
92912
36027
72590
47558
3042
77449
84189
53895
15770
11779
26777
94658
1911
56780
15516
76844
88690
53969
97486
37473
81680
95147
53856
80855
743
27874
3913
21392
73098
79371
15963
77546
43155
11825
81889
97169
15245
19186
13656
16468
92827
8640
96998
40660
99143
50248
40795
79512
31499
62447
43491
65118
22390
96472
56932
8140
50844
75363
99355
91076
59260
82384
34093
52438
59503
37728
24556
65712
32426
35388
39497
62481
45712
80975
1681
88475
72696
54094
8485
74630
68630
35993
48634
85841
58408
27577
74505
36787
18303
1416
37715
91504
18504
86257
55381
59559
64982
91084
56196
12232
35310
47852
96326
32163
84303
14132
36813
12827
46204
46371
96176
74298
73095
46097
96199
16638
79867
59985
79139
6289
42950
14550
13767
31158
481
93650
65095
86303
49950
7354
78012
88988
29133
87461
85121
59533
63946
23763
21678
84985
8743
21290
84654
46583
73074
43420
73599
98345
14658
31364
53445
3305
47459
80079
7307
19900
63804
24888
93271
5795
16409
97516
47049
72688
98202
36300
14064
95477
56983
73008
96297
59384
94222
34600
66197
91107
47627
36286
92213
86455
22419
34008
28389
35105
61804
25241
97074
31013
41676
22087
78297
36919
38877
8647
99262
70472
4010
47012
97125
16061
18089
84655
23441
37756
97957
28960
57079
68032
31879
17851
72734
91371
88512
84174
1205
39035
26901
93847
80976
68277
33863
31234
71041
59486
89277
34895
92655
26121
32241
62994
19542
3210
92821
90100
8122
99753
37664
13847
86953
54995
37016
98231
39725
35082
86877
97772
45834
39036
30608
25004
99162
15729
81278
62541
21346
32029
80269
38920
95953
50070
99682
1369
48469
10624
52685
38691
17881
96612
66098
72625
8799
55551
12468
16119
83574
73623
6399
95958
80952
40072
90226
79486
20003
55964
77608
50766
54130
44601
21666
58327
31927
82355
93682
69502
75927
24067
6118
45760
7970
93072
60816
60625
85741
21098
39246
57245
9646
3254
80730
18959
30515
20546
30864
41103
90560
74906
14487
55430
78787
41491
62574
35134
98965
13957
87861
75109
35856
52182
52341
82800
61800
72337
67469
44859
82087
22422
49114
17742
44136
14187
83522
37116
80271
26160
30429
2213
82660
98639
16544
95611
37258
80850
79335
50370
80000
90127
90366
8273
77364
28031
45709
39029
18047
89292
3870
85684
31233
83784
23980
41646
90649
80858
8874
960
37472
96340
25900
18563
58179
85888
6230
93809
69052
27736
34720
32648
31564
6709
2978
62342
73719
61280
2946
77940
84091
70404
64759
27392
40494
37700
90297
19650
76180
46920
15303
74048
72090
44947
51636
35693
60754
1616
27694
85196
16811
69611
28205
49842
58316
19260
27221
44969
38476
99229
35336
30641
15985
96477
21931
45218
56452
87533
24499
61996
17005
48664
58700
70239
30417
69776
73542
17382
41156
28035
444
52302
12364
65261
4930
47717
51348
97990
32266
80862
95593
87548
76627
82289
1109
95611
26959
70462
83573
58089
53456
67218
4793
14927
19630
73730
10040
50929
6231
27412
10990
42270
81108
77918
21555
48866
6675
67878
79256
28217
4438
31720
87489
90783
66712
29910
76537
74679
37433
65239
25082
84195
95830
65452
40015
86913
49068
90853
94328
40508
47962
82883
47780
4041
86942
36852
208
75861
29015
59341
71097
56621
64492
40871
63531
67497
35205
82804
27640
67383
59447
32508
26949
95936
41758
34424
33118
35544
46498
80266
49642
55719
67676
16983
70553
99215
73746
61442
88249
39930
7614
99815
22696
37506
33037
48496
63140
98076
63203
84183
51006
76258
73819
47993
8366
41275
25068
24851
6143
60905
1064
61628
87819
24206
24606
57727
45537
38012
4031
22867
78978
48760
45469
51064
47820
15210
91760
47057
80366
53028
48594
9912
18458
17996
86986
37602
97048
11560
82438
93937
39927
90949
8801
56848
85726
51556
98692
25966
15009
87106
67592
30970
69455
72322
40314
82647
97704
80857
40888
25468
78860
23669
33464
80171
44367
95947
84839
80907
75784
15196
78926
34885
86985
38339
13041
28696
88649
25309
44658
50425
35420
61333
20050
98090
98692
69612
97848
51093
67873
6402
1834
45638
18020
37027
49047
32867
9697
7377
61431
89384
56931
12585
15594
52579
19929
77717
18749
77193
79886
17710
74444
72755
77942
64523
44673
34392
72164
87018
15930
91560
54329
57018
26089
60931
68312
95875
83349
18836
91828
13394
80189
63405
35786
2373
29501
62944
34667
50351
15081
42967
44562
60425
81942
6384
39380
14838
54104
58265
77621
7825
48422
4068
55574
92308
15962
12519
11852
85543
27380
1619
53645
60516
2558
33326
77252
64323
2122
8751
62788
75687
29752
90229
89592
91556
11604
89093
46777
72555
75708
47263
47225
98451
81055
59804
67292
3846
78848
43557
15334
52869
60090
89171
35599
95705
81853
95678
50547
18903
27447
51940
58855
88367
20559
76601
76102
43793
24074
85605
54153
86941
46000
71423
80181
75014
7080
36612
24749
25185
95232
87475
24680
13552
89897
19208
72446
2245
59135
55475
62621
43509
74023
13204
11352
85948
84241
22678
89758
66502
23932
53093
32936
63809
70456
99821
42508
97437
47655
43728
57999
61852
18333
8676
30168
17180
22343
62023
31199
94494
91592
23359
88676
38098
4798
39027
10299
47361
20738
50207
9093
41782
60558
22104
5467
32042
76058
22205
12835
49292
86463
88277
54533
77449
3836
84651
87863
9853
82455
27875
39157
66166
13755
73592
88812
82048
41855
15987
27829
49491
43720
69066
91615
3638
15013
7699
90437
67278
14743
96707
36159
67207
85556
16551
56756
65149
40449
5918
27884
81511
63228
71729
31268
64801
49468
22288
32475
58677
36112
61579
98825
52614
33924
67433
78032
29112
90851
3304
38570
61727
55830
8850
58210
66690
78954
15289
66910
26251
57711
86543
66138
83823
48956
88100
93232
54357
23984
48252
80083
99908
87572
15116
34652
18541
55133
50769
63323
52658
89069
68302
80239
3985
14872
42176
69680
21298
67588
65727
83049
85065
36522
72371
75844
47239
91706
3248
69214
85731
59515
3248
5177
84129
99471
1388
53296
28445
25524
33047
84037
1526
39815
69398
65206
70394
6084
11104
94575
19977
4584
30606
78937
8968
45975
45374
73231
15781
82778
73834
98001
55426
36320
62976
55505
39744
32037
45342
57067
35274
57328
95021
25266
38042
83638
81143
97957
59083
11068
68933
39361
77757
85657
24761
31344
97503
66554
92996
97599
3004
46496
99270
1197
55780
39140
36672
21919
49078
28506
46935
97776
34087
64435
27464
91014
57489
58556
20098
28672
2875
23940
63620
71787
42849
11611
65844
56692
64064
55990
37145
92984
43680
8847
7830
14326
96990
85514
46340
97158
25269
86034
1354
2052
95913
56545
88604
79780
54511
22206
58285
59913
73916
61825
19634
73073
87913
5010
63348
95080
50144
68784
15601
62173
5029
53869
72816
785
71652
88502
1088
7851
89523
753
64940
18729
23299
1279
84892
39890
1737
45217
53931
58022
87299
19030
82049
23542
66921
33538
85869
72848
97586
34731
2944
56915
22592
25949
67880
14369
54601
17646
75687
70994
88643
57723
68368
44613
18443
72816
80446
79090
27729
88711
43249
11035
25348
84712
3078
10688
3350
71183
13841
59697
38923
74764
69434
27902
97539
99747
72529
73579
98114
96211
31407
72703
29273
95028
88106
52188
89362
1209
76981
53897
70685
22230
65874
44138
95474
38811
43669
1489
64098
98814
25238
20686
47615
73910
28466
88930
36868
65219
29375
17201
95106
29388
41066
4150
52425
96416
19855
99472
50415
24574
26196
15098
35232
56592
53219
65305
43298
13362
99298
89998
95555
40689
32144
17515
68001
60750
54686
59074
34902
11073
69799
10041
4991
50522
41902
88954
90119
23491
41075
39943
64628
62082
79953
96523
24974
827
64951
66571
82983
11953
89888
43771
29036
11437
46514
64429
25286
94935
59856
55524
50509
6977
11484
91558
78346
196
41709
47632
15143
76450
40904
63652
27542
84170
18174
12798
76251
19577
22978
39140
64598
96446
73925
87195
48369
11542
84240
88118
98882
71894
70205
77002
41981
87975
16819
60189
46138
5100
18204
57276
87390
47199
57412
58540
9225
7321
18320
65784
51291
79984
77209
11433
75043
99130
30468
20148
45094
2480
65695
25900
39304
92206
10585
88793
12091
48343
47071
33281
42337
7990
6255
44514
26015
64543
475
48225
6976
86067
2587
76349
16226
13507
85167
51901
43298
16619
43344
91784
68511
95776
67154
56819
3149
13572
77529
67540
79993
8726
57300
93654
54612
30151
12922
26533
14654
15398
12799
19177
68784
11326
41139
10352
13093
3701
88792
41956
48422
80117
38783
7772
26865
54408
54238
76685
76901
29084
49935
27521
12365
9062
87047
44480
61254
33986
32945
34443
12335
43609
49287
77192
16780
24187
34956
58902
65751
5292
6985
99202
95396
60251
94403
90771
87150
26381
84469
2272
4355
1049
86768
92226
97738
38316
9995
16196
45228
20012
30408
1046
32038
6554
14660
20288
19433
34161
71066
51188
94252
20011
25334
5372
91823
77218
97873
27187
93356
57939
39022
35791
37468
35583
17103
63772
47364
93772
93877
34564
8922
38441
17074
14602
10487
42062
33900
11991
98331
20161
90097
17803
83256
5621
14162
29845
16380
96429
27869
34462
79550
69759
92763
78655
21636
10867
29762
3027
71983
7946
88536
71591
53444
20700
31493
86061
41815
60410
13651
38320
85590
5138
26213
4898
91599
43600
51313
79889
64223
16897
19291
78169
52344
12787
44304
18099
71694
31705
22588
93098
52415
72363
55048
24878
89437
40010
33011
67809
20697
13920
36428
94095
97613
76966
75721
73404
63077
1631
16647
26357
53323
39458
34431
11528
55631
74485
53537
66863
51535
70452
36848
28007
51464
63537
92186
65375
28793
77430
9138
51308
51249
58950
49579
40377
26773
99329
74547
96252
98511
42182
93161
7044
60597
96914
49213
32014
49973
93639
53635
39255
40667
50601
49396
2956
88831
14881
18401
42493
58830
66020
19828
65296
12563
26286
81381
7569
31201
72648
49653
75271
78080
42249
58059
40098
13297
16856
79977
42160
74272
60175
54186
82160
38981
51323
84538
78846
88151
56224
18450
94092
64654
38586
84046
20177
57299
67582
88365
49531
95334
97566
81221
90657
92107
57292
45856
45907
64915
73430
27222
11091
76802
74479
6217
58780
78594
1839
14487
48384
70692
66544
80128
81137
15758
90009
5140
87573
36101
81272
64375
14428
53976
90376
7957
51885
60486
47283
17788
64572
75406
42864
90714
58488
57457
57133
34452
1794
84582
16872
48703
94680
39418
14455
61055
41678
84449
43175
5786
91454
51294
8866
93432
64695
34282
51946
23034
64849
89477
30594
70548
30912
6742
66187
85191
4710
79360
3691
86175
73955
95620
87339
79110
14952
58765
89879
61924
87754
63100
42056
99860
34449
38288
12606
2692
44560
99633
52103
96808
84079
86330
83645
51323
45059
59265
77323
29331
25088
11812
69743
98271
94341
37297
59291
94080
40501
41137
9014
64386
68774
62291
84864
8470
19378
27217
92690
20845
35051
74945
38595
75699
97548
43994
1096
61221
67882
5121
23923
15184
90505
6127
86556
44392
55691
31424
39165
33825
52611
12763
79670
8110
48904
91417
2609
12916
38661
97684
65729
89449
36429
90221
74083
73263
47499
98106
83559
83239
10104
78858
22760
5587
10278
86455
41589
301
58329
29095
69044
16445
43765
18974
68829
81531
32691
1955
41250
84513
77197
30093
1006
97932
5400
42026
15947
53775
81970
76077
89630
14964
82737
66994
87725
8272
43067
9966
85824
93122
18836
14328
60933
1608
29521
94381
99758
53661
68203
98725
21941
53235
15823
66448
1631
84105
3411
34828
42366
8009
44227
80103
62609
23937
39321
1899
59686
10651
13867
52714
9728
48635
93406
60391
99155
59477
83673
35999
18636
1353
2196
97458
43246
33084
62703
87858
25239
27540
48767
62279
68385
72464
41955
45916
37892
58689
93941
40201
61785
80616
78908
37822
27801
22478
96093
93193
40131
46458
25970
43141
37917
12210
78195
48479
23090
88178
54481
46789
86074
75746
49026
80942
93783
73495
70710
55584
77883
86216
53064
45506
69159
36811
14864
85566
13519
82220
27957
23698
76505
82409
18656
11220
36612
15661
53899
88448
49957
8391
36312
17919
9196
10374
35327
9493
22693
80307
35359
24167
83802
44875
68438
70088
22358
55992
23276
56735
95685
69579
2985
20118
98648
3864
79078
55840
836
87789
92321
47528
77610
3696
7882
72915
51601
99061
42394
20370
65966
86617
56612
5830
6086
94782
72996
93743
24362
68098
41043
68819
21537
33630
68573
49128
38756
473
19369
43614
3043
71751
8727
62604
74341
77249
84777
19093
61004
20002
8728
54998
66231
79163
28359
57456
9665
34579
35924
59724
44807
82751
66123
69008
61126
58618
37237
73212
28674
45697
34893
85985
94468
2766
74963
96863
52219
35406
91258
98489
79523
21217
24348
664
52867
89614
58221
7256
92560
28288
2636
35123
40527
76417
7542
18376
49528
13714
309
51624
73014
27076
3414
88829
30603
97750
57560
67319
16272
41899
52032
50804
72441
19847
78602
21770
88855
64134
91610
13588
8408
18649
70256
51992
3433
39934
50617
29105
84795
62778
49090
64766
36003
68854
51272
32358
60828
51412
2539
60454
26375
39756
99073
2168
18226
85191
57414
5569
63895
83639
55473
75928
38523
34193
46114
5614
90103
4936
44600
96542
63731
65255
45279
20179
27278
7019
26502
90448
3898
13339
3055
6752
97317
4805
26495
1435
21746
63670
6005
9457
77510
69013
65432
21590
57214
28092
10952
49866
42237
30644
5527
35236
57060
18829
84401
89498
1402
87511
91797
80272
83819
4255
42664
57818
11565
32329
27775
49584
57917
52935
75642
57325
53960
35123
54481
46499
24614
32751
46886
84320
43552
36854
77977
93461
55122
91326
55674
72296
39980
51437
75353
16760
4402
13269
59802
42504
84676
86126
81029
93003
34776
17902
70457
55722
47138
98983
97792
44276
92885
27933
21022
54787
81988
46338
42851
37127
89441
14512
96768
58193
63847
10755
21430
31966
65971
1585
36938
7390
28941
17190
83924
58944
74405
6880
90871
22588
91736
67523
59083
74908
72657
39098
99254
27368
79180
55212
49465
14060
35510
32535
44998
50440
76912
76363
84336
82901
55346
3557
74459
50735
35085
93862
18418
73091
62345
40432
13559
21334
95341
15997
84021
72687
76348
85755
66641
61474
98204
51080
46495
34842
97107
77670
81521
85890
74666
43963
56714
22385
27027
34215
58417
44560
70439
50659
16065
35656
78376
53171
68029
56557
29637
42215
64257
75489
43740
74484
94323
89062
12921
53482
37240
70500
86301
86257
41156
36563
18938
65029
37481
43910
90363
43179
47600
97364
76928
66799
36806
28644
99558
75580
15149
26036
75109
80598
13908
76966
75252
25624
31265
7304
22887
54949
80906
97566
50392
89101
13315
85583
89892
26494
54193
73160
73452
60580
85277
90512
50939
45183
81029
97994
50055
14047
73228
67072
15793
75711
36785
32787
27335
46523
73342
97596
66345
18959
69143
10941
96424
94893
59506
23081
24394
64602
57766
62476
56555
71142
13915
69720
61373
21063
98753
36078
39568
42001
11453
8165
73068
30068
53246
91674
4891
36561
89966
39765
27844
91066
68740
35059
62642
29862
54646
63637
64339
22061
86091
86693
69660
96614
65518
77504
27562
91291
83039
69892
81251
5605
41828
567
54907
46026
17789
45905
79315
87791
99125
1672
40155
87067
84852
84630
36568
37739
95890
1929
91329
88427
69189
90982
39427
40951
22235
9915
20901
67598
56739
16896
16485
4080
29414
69641
42273
76532
98163
90251
19922
2889
63480
74952
51891
94343
59565
41913
69087
68656
51626
71671
36728
32840
19608
72773
83940
41966
83397
10462
10002
54230
32785
13846
68187
88357
82822
80688
60163
84424
10628
65788
1950
92369
67578
53450
89423
64688
56401
14384
71628
44714
59746
77363
78077
72824
78824
81077
26020
5854
39312
22908
45910
49606
13101
29627
68263
65176
79368
91871
20388
94233
49428
30392
27930
87230
67071
90498
62484
54923
82053
45423
89217
50956
18911
78387
98292
82606
18073
84491
85157
93467
98656
83146
56245
86801
11994
67426
11727
37758
56016
36075
59689
89018
90662
81396
9290
96257
37292
64291
4325
9932
43117
36202
9476
81002
92612
80488
58272
21152
27886
58489
38956
60538
73562
764
32242
18189
20061
83615
54133
50027
33091
8104
38902
77697
90368
19394
8497
84432
8292
7650
2727
24294
54508
22486
29239
79161
59061
12329
19718
19840
94764
37621
79550
96814
71137
81573
39186
84172
23386
65158
68383
69297
36484
48106
2861
43872
4164
15160
96149
90335
99243
78579
12734
48239
3016
95333
6176
68013
6583
40232
81353
67844
50199
39826
23165
86444
69721
37946
68792
29859
48789
38187
59311
5222
89111
44804
99477
50701
21238
85001
99417
99232
24837
44265
47661
23130
11587
74829
20865
41657
5645
57306
12526
77278
39539
53763
81967
1863
41831
41999
35113
38534
46129
35106
41419
83550
64384
69546
26832
56186
1660
18281
30849
57066
31863
22233
888
92090
40514
13249
5632
42545
13819
88755
3992
29699
65091
16511
54454
17043
7118
15639
92264
62121
63956
76512
54261
56140
59876
15698
6754
35452
28024
47980
59473
89166
26020
4119
44036
91109
73000
69493
49247
85737
86309
22502
12300
84135
47180
37911
61783
56133
50258
96167
48506
52096
62208
46231
59219
33092
83942
14126
4656
82631
27728
22470
31437
76226
45264
34711
57813
49869
57755
90941
86628
54166
23184
57896
57837
31870
26738
46112
86295
92272
36151
24275
32962
20095
18266
62941
73928
83835
78891
90515
88414
52431
74981
85740
29177
84058
88800
39020
55598
87528
30301
88589
15346
72140
54879
28781
49184
32892
85849
97999
55961
18281
55458
87470
9637
858
86405
28549
39031
93028
55221
49716
69999
77544
98046
78960
49305
3433
61783
57450
88755
20104
78739
66778
27948
98910
60630
77352
41000
48149
93477
61750
98336
81987
18390
73325
78662
10276
17895
56803
86118
38259
80650
81798
51560
13158
98910
46728
785
39939
90137
45351
95625
62818
4577
13495
89336
20608
47194
86030
56586
636
34553
13355
5842
9779
95191
74372
22954
38483
50850
45963
74456
2429
14797
80669
39788
8252
61832
17479
5478
34045
34730
76885
99540
42154
42474
12568
46297
74823
24014
11058
42089
85127
17082
54305
3249
63979
88522
88358
43988
21689
93435
13458
45264
42518
64067
35340
28256
81984
25281
21281
71802
80234
77551
51656
97687
37460
76948
14545
82099
75430
38678
55881
83498
39433
58828
77836
79331
86562
50642
21096
73801
18252
60470
41898
91956
60337
13007
48232
64391
30628
38957
61674
65106
23518
70763
69173
2775
15924
50689
65942
86890
6545
61654
64487
24465
15253
21203
7297
2475
42089
68979
13598
94349
59710
21622
5321
51687
13314
14229
60709
22789
23262
22575
81495
89522
9742
94242
24304
6359
80733
20790
60699
22209
9181
25651
19936
61377
74080
90034
46578
82221
99831
94609
93819
51331
89700
84768
70306
94637
25373
34681
22006
92096
44352
24205
60730
31934
9485
74105
52333
27676
27077
37399
68244
35902
93629
3568
46503
92094
35519
83407
4565
67596
80509
22769
16212
22543
32562
72697
97449
49066
72439
76832
98096
17274
39551
43881
93897
80955
14000
58770
45951
55209
96862
23111
67414
20196
77254
22833
84305
40046
50660
26508
17181
5838
58577
48982
9533
64343
11452
22402
32178
11522
18980
9037
42183
26519
10287
13384
64855
30027
72042
59795
72795
17155
41278
23851
38740
20183
60587
30907
83889
81042
9636
69902
39678
72502
12774
28164
47049
98172
96150
57602
28626
23641
27286
85284
54190
9788
95204
70222
68440
19059
64144
46464
79381
50286
80183
9543
48130
20059
48960
86480
6012
14640
25171
38328
3820
45608
48561
25695
23117
6020
55092
18428
32027
66803
1444
74121
50938
67500
49458
53182
31424
9240
17781
39739
64768
12173
54878
13567
87028
77876
28794
81718
92326
69036
66661
43056
98139
81992
3429
38764
21340
35123
15082
31635
26883
76212
89567
27905
94495
59916
10861
12221
11107
30972
59981
10922
71441
57220
75816
56599
3966
88998
71181
22897
90306
19689
21197
8408
76607
57818
54903
24142
85324
26060
61707
19756
90813
20000
16957
93935
62032
59392
14824
56271
42294
83237
96365
45073
64155
41592
14631
23698
29077
32661
8363
78563
32741
39596
86881
39829
92269
9410
96953
49066
35727
50100
47437
85355
99709
32347
64946
16855
73858
21547
12505
62552
65675
87829
7496
92786
42356
41005
25712
25781
683
27109
37514
16914
73347
79640
76723
30027
91992
87300
70050
81250
37081
22766
3938
34227
75063
44329
60528
81054
15784
41073
19507
9340
19064
76786
24498
3091
40557
81062
59254
1764
57814
38907
79166
27042
73168
722
56729
51933
85236
79780
72196
65532
92671
55583
49503
6409
58687
3374
29934
29863
50487
44695
2377
53886
8144
71166
87392
30231
45949
45863
89391
83075
81961
47993
13882
82229
95935
30301
9029
57040
43125
31430
76435
10715
76597
22410
82457
11538
18921
6798
97565
6518
90499
50529
97552
15556
62087
23839
64454
1442
53014
1045
31918
68022
19224
15972
40882
17937
70564
41790
47437
62440
51407
63854
31235
61156
8367
25588
35074
43087
82346
5710
12403
88271
9248
50130
31613
55056
63026
55511
25366
60505
2669
76852
13575
42176
55479
13920
14907
889
95317
42009
5219
25001
13846
25984
79913
27610
46432
13153
80783
9543
29685
90288
39908
46039
82913
69519
57634
58886
62275
3820
20679
23231
25717
67527
61741
57670
4634
593
52200
16625
58148
10417
62716
20599
23967
13888
13881
88353
44381
30452
3764
60797
68158
47321
61251
56945
84795
23963
45684
36236
72304
14721
67882
39544
1636
37907
94741
42156
31670
9212
53102
62622
51557
33834
77996
10485
70876
18258
48709
13085
40537
33521
19941
67956
49785
64525
90884
99009
94145
795
20231
4740
78155
32473
60149
20328
76395
48219
69044
84917
37821
88419
22688
41635
18094
25641
90055
16489
64387
41402
28356
77235
59273
60765
60373
96497
86266
88881
34139
29548
8457
99506
751
72339
4490
97338
12507
50740
57249
87972
41532
32519
677
15339
42610
29796
23057
38577
28833
94037
59623
43805
6919
80805
65857
62620
22394
32824
55093
66343
28573
43828
51972
54597
76671
57053
73152
74567
18097
72063
52088
6033
72322
63492
41825
30105
42873
61285
27042
47560
92109
99549
35516
60189
22084
55738
96532
22225
1383
71468
22367
37461
92638
53920
40489
44631
49037
2854
65409
42052
56330
99085
36709
4519
93594
41745
80229
77071
88328
53163
83799
91503
49345
43079
38198
92319
47983
65235
93079
52320
90287
21107
56843
28829
76337
13201
38602
53229
88268
753
87298
41972
76539
18595
48411
77929
728
77938
49638
31027
85235
14073
21570
34220
97936
78709
45578
73192
56090
71478
96254
15854
57895
56751
7853
33157
66378
77421
58780
83562
13359
40580
79893
9341
35415
12708
58447
65148
27696
55114
83478
68455
15119
60403
33399
20803
24397
51276
80459
75258
53660
64486
76413
24703
78500
21573
43641
87055
27902
93175
87474
39251
17996
82433
77968
46306
77234
26836
36213
95747
10166
78655
31083
3665
8816
14430
50923
247
87149
29904
12140
90042
83014
39239
73959
41974
58552
93145
69923
19201
53536
61299
32929
77003
32565
91532
97222
89703
82337
78839
77824
34691
83805
41427
25047
51731
15113
13693
43474
27213
57061
63269
70083
66253
31086
54078
93328
13368
14712
99310
41567
65405
59716
89317
52861
7415
87807
12875
37195
75312
76632
98354
57253
72288
86651
78667
78032
43731
20270
63988
67968
15560
90279
90863
82531
21173
30632
70061
23150
38600
47000
31177
70850
17577
28703
86098
20185
36699
43294
89152
80051
28065
7465
3528
11032
6877
13026
54410
48937
34195
18739
40072
25864
50893
48136
88561
27200
61496
24518
53371
58995
35403
46988
73038
96126
74183
46917
49341
83083
87386
70374
87664
72338
18142
17002
11709
92684
13022
71528
23190
5815
75321
83821
48219
23743
7711
45564
92208
72335
73656
54399
9609
54195
27236
2984
43873
65321
42845
36136
24202
15940
78201
99947
35903
33437
71947
63727
87542
62614
98665
29151
86801
7212
1640
34800
81779
4473
74627
30231
84432
95234
11035
94212
81149
89604
7224
89312
10502
8758
24302
1150
40286
46395
82907
37281
98833
81574
50860
88618
21238
98666
13183
90300
79168
96605
99683
42383
75060
233
16892
43020
94068
60335
99715
11851
43674
20472
93098
1639
57600
65177
52285
19323
36124
73250
95492
98268
66730
21123
37701
18770
29793
56603
82790
47475
28039
47967
51632
61438
66560
7076
48879
54513
60706
42057
88278
86344
31172
58627
25663
43699
47604
60614
29232
28370
94728
62381
63641
57999
15533
61927
87194
77304
57563
51262
58466
17784
28426
9957
33138
36626
11485
95805
91040
4825
75356
36132
36279
75214
43775
66363
5435
76406
55718
40466
34250
57943
68519
46098
71934
88080
46943
18150
67791
98034
28713
5863
9462
29119
43820
84899
34189
51678
83470
46281
38705
15671
39079
70420
12169
2769
2288
69266
41985
87558
25626
39951
96111
8479
62491
71555
29814
40849
33732
39156
3977
66548
68206
72937
31239
16060
49970
84365
32260
66038
13015
99804
99017
89441
12198
18669
78962
13030
32730
11580
6869
36501
69492
22227
51075
73853
8650
67092
94822
87752
26559
1670
22506
62257
91022
19641
78840
43427
26560
59799
43229
82575
45949
36810
5098
98729
16063
30116
74869
12768
15810
66991
84796
37624
35831
40433
53161
11302
82328
57627
62225
73799
84246
3150
35607
61469
59918
70219
69422
8743
87674
5974
20795
17116
54947
70758
32953
95588
92692
63916
28853
44595
19242
73693
24602
88003
23560
47261
51015
6093
91527
81610
93692
55107
81899
63618
93524
76013
27760
80146
4556
21406
14883
55837
50018
97170
91213
50981
93721
11238
64138
35640
56696
82868
71096
23002
57650
62794
63915
48587
15328
99814
42749
24341
77770
56304
91555
30581
6726
52
81114
67427
81815
93466
90752
1023
74902
82596
50848
67258
97838
8195
86213
90622
24673
79767
23535
10619
34280
25857
15844
70032
52984
27878
45245
18258
29408
27362
26209
8763
39343
61638
70288
40978
28018
59953
20501
16338
69147
97222
68799
94170
92669
39215
50985
85585
77396
28526
70164
86708
89314
71644
60086
32990
2579
73472
60940
26867
4930
173
70827
92936
19444
66104
38740
2514
48802
90677
23270
97321
24597
98765
25614
53529
72042
27838
99993
13478
82325
31567
37418
19577
63969
15022
74022
96427
34901
63433
56301
30252
72403
99269
44035
58256
89722
91358
57196
47416
40107
33467
89527
16249
15560
43341
65425
85770
44792
53860
67994
89423
71144
2126
15093
11005
54956
34381
8984
55306
81954
45972
85412
57746
97463
66750
14094
4648
58659
76906
55228
4503
44912
81591
46443
74868
80824
88280
10381
21187
38732
74869
73904
10690
17937
16062
73497
54101
50788
6060
9968
6671
42014
61269
56757
58649
51827
23115
10960
91395
55637
83027
43078
42084
71893
39901
69287
24624
81545
40484
51717
92821
98217
91076
7679
12369
61396
53779
41755
30228
944
95838
6994
70478
60398
61217
388
85525
2667
11490
94509
74836
39346
56234
29072
94675
14047
31521
86319
85503
95071
73893
6461
51095
2676
93383
95210
80722
12885
37602
34366
79280
50225
74456
48865
79963
68020
71083
98678
48249
91970
94101
616
89105
26496
17733
94557
8824
72626
3255
46055
16023
50047
28974
97945
85499
42256
36496
81175
60344
94072
77502
75398
59962
75150
39247
8578
94058
50389
65736
2990
98874
31356
46618
10694
44429
88289
60055
48081
24070
52113
36946
41555
78059
11915
12147
54782
13429
65378
64468
51528
37239
27713
30524
19991
99785
69193
45333
12889
91920
70613
7915
48529
85355
84991
24867
31787
1181
87323
44661
88049
89362
9569
28744
86390
91183
97128
95465
13519
12571
50702
77639
24898
83012
88820
97487
6198
67759
77222
6463
61770
60576
90136
31880
84034
70690
18892
92933
83771
47027
29425
27858
75424
143
40421
23371
25621
10776
19514
65283
92593
18527
50999
68350
20104
5777
76277
71755
38726
22337
810
90945
72024
13742
94435
38164
87077
71857
71049
74580
82650
98885
57798
54979
49506
18066
87810
47121
340
48472
47110
54838
53606
82357
26849
47115
39744
82324
79432
88805
52075
12882
63416
3567
94441
34574
32792
37474
10558
11340
71578
84292
92587
6085
60224
48283
88347
31503
68251
83276
65463
16389
76686
60405
97428
77011
86833
21218
46252
76864
81490
95152
72874
58263
99285
46268
53215
2420
79388
34631
29265
6696
1922
96105
28755
82121
85858
79470
10352
78554
24629
44369
40961
44498
16855
53940
446
63659
35787
249
39569
26569
6933
87264
43366
9796
4101
46558
42558
8916
8468
81782
17635
39993
326
93943
61622
68420
44271
68625
38756
29094
42675
1332
20119
74611
74406
52264
34697
25169
23890
32035
25395
46403
73046
80522
64227
78733
5579
15624
16652
58083
7170
37060
47703
32594
77417
74209
68280
75755
10317
87895
38107
31208
45722
96906
58397
41980
96381
44356
95447
6651
93130
51060
68693
66146
1817
37474
27461
93381
65004
92429
96523
74004
87979
57923
65426
79689
92528
31773
56284
10512
45823
20533
17402
61939
52941
81348
53911
51745
84578
42492
94414
8667
73656
61055
5085
74139
86883
75195
88753
24545
80459
81026
90401
72379
2356
50890
36246
42991
70943
81853
48999
44009
45353
93854
85092
46204
83153
28633
8521
26647
49431
44325
95026
20229
6432
40762
37485
54848
2614
60873
11658
22356
22892
75740
67471
76140
21279
41482
38217
70491
54841
12471
78045
64776
64207
2150
88989
63671
71177
80604
13238
64048
48898
65971
13317
2575
54149
36695
74282
51399
19191
41216
83957
70483
39284
30509
72156
43995
53458
80441
57070
5183
5858
92925
35362
77667
86837
97858
42633
70967
46106
2433
81539
98818
37797
20633
60877
83786
36556
13675
67223
58403
78059
76438
42324
4562
21351
97866
11915
43036
75728
72043
94250
22736
26879
60004
34266
49453
10207
80229
49133
97393
91304
96859
74292
26464
51206
84587
86125
429
3096
23178
60026
1384
69588
4284
98093
76932
59592
44775
52863
17924
88540
4083
95136
7201
20979
29408
79176
52186
87697
81188
82540
5017
62550
68096
3405
81182
63719
25053
41290
33674
31854
64040
18453
50282
56664
12424
40515
7614
28284
56344
37981
34949
14460
18213
55636
39303
82180
66661
93393
20351
49583
97746
32106
22274
57096
91682
12625
74160
15470
66372
47718
10678
63921
93689
56653
68606
35065
6285
92058
94164
57703
32753
62185
77397
89042
65590
16266
73718
25235
83239
42969
54830
55133
41731
69484
9249
73571
15766
71653
52202
66846
34420
86887
33157
98662
913
8486
45718
21533
85248
88375
9657
33515
57701
88231
95655
62020
82745
34599
59745
65478
92186
45668
58909
35743
83244
11509
63754
90091
37521
9037
53089
52666
21088
57041
87562
40752
74436
96996
32072
94983
14292
46781
24962
70831
25482
1242
41327
56277
40195
61550
20157
19457
72594
63445
68254
2393
96961
93353
6256
82275
45573
47693
12072
61288
96188
4582
82458
59060
4102
32522
22983
49050
85757
6576
19139
64469
55923
5959
43521
22665
9382
79683
57086
53735
95459
98258
49415
29679
276
33484
91144
26768
82855
42729
32402
587
53885
72044
18440
60822
92330
58013
16423
65084
47632
8821
85199
93761
4435
28018
14418
83427
18713
29002
28663
25565
3680
33021
90411
69573
94299
41699
47782
26421
62891
87300
6997
88871
75734
51622
16074
14137
81830
22977
80988
96463
99936
33487
49147
58296
90751
90655
66196
22409
62510
11112
74717
51590
8159
79675
92543
74463
98570
6385
62365
22871
39204
73603
87781
79839
91771
26361
63793
69409
60876
55578
81530
22425
61410
21346
24635
49950
20876
31921
24541
31166
64473
62624
9444
52071
19794
37807
7125
866
4980
4730
89570
32665
58984
54602
38868
98009
43745
29479
36404
92627
50258
12427
2390
80509
69705
58898
79010
53974
49740
91662
35264
1862
94062
59767
97727
92323
44750
60383
55203
89712
88941
77699
57833
14176
6346
9949
88375
57240
30043
60534
19077
17715
86026
42874
75458
84863
33642
76964
82149
4612
98708
11960
83857
57829
39266
41295
323
63199
53991
64621
6651
58126
59882
91470
67941
31023
95261
45343
29475
73376
99934
85130
69241
6948
49321
169
87604
90466
22743
63259
37751
4365
82968
19924
26404
65503
46761
93422
31620
60670
46897
13502
95091
4256
68990
49185
52555
95339
17495
48918
71019
27285
33277
91461
80195
34218
10243
79708
80351
10508
21415
41467
60942
12245
77420
42181
49774
18616
85749
24119
6389
53509
70912
29845
59486
38059
19805
41984
14574
3767
25738
60932
4707
54715
364
32301
55576
25418
82316
24281
8791
59552
24172
93224
40220
28383
23268
50769
92225
67284
62845
46607
15467
1015
4456
11832
1424
76081
56188
44685
40900
57080
88107
53325
19935
68310
90880
52741
96236
68840
27480
5442
43696
69986
24442
83079
27477
51408
42291
91674
44243
72183
44274
17624
55834
91545
77629
46505
72862
94904
67598
85358
44095
21586
41358
4343
69779
59274
73933
92689
83507
70119
71675
37309
34751
1558
99141
8123
96014
62987
24527
44773
91543
85381
45482
55960
40565
31087
58067
95789
26714
99522
39048
81543
99571
23208
53831
83012
66420
47547
8965
20406
60416
24364
18120
1068
80502
4064
66690
68841
44859
83253
7274
31830
7489
56258
60761
61043
46833
36284
72701
93064
65210
99444
36605
61050
92437
17950
66986
63290
82420
58797
73278
42679
54567
16474
40373
1907
77675
91364
91748
30035
20144
40817
58330
57776
69445
15026
60273
31915
58241
10212
43729
63198
20273
50675
84738
365
56089
27737
12075
29819
8489
2756
56780
29688
20990
40534
89428
53016
95441
19494
16224
2975
13600
44484
54321
14521
40887
48633
29001
84390
14395
89900
98849
22322
60595
3521
30154
16803
44371
1693
78366
47947
53574
60133
34978
30974
39223
29155
11419
91997
76220
59754
80393
33968
16480
85905
77732
87219
28395
1435
87538
52231
54801
92952
39107
46345
18164
69124
99369
60032
40758
11981
16247
74416
36031
89106
51348
42571
97670
18246
17724
57063
12384
6708
26900
32395
63171
62173
41736
53891
53462
53789
5762
37459
823
54155
84777
6631
5000
73567
73588
57353
33815
89550
93769
99596
80648
89456
4983
14309
52321
89027
94604
13882
16786
32104
76628
37875
64830
29355
2895
56684
33771
92705
14701
75500
17506
73770
97096
7120
18531
12469
75550
7393
31561
27139
91850
46756
43221
35331
96670
55440
34362
12765
32543
23962
36484
42890
67325
92300
5
74080
83438
13652
11998
56652
94918
4184
97094
43224
39668
70376
18938
29644
73692
31340
60353
42320
81836
19228
4507
240
4158
67854
1350
70872
46057
98282
58412
48671
16932
18298
27980
99712
63160
71357
26787
45378
97697
25563
69591
15194
3137
41426
78784
45287
80033
66926
98899
87675
92677
6488
28204
50681
24650
92101
55512
46905
15102
57871
41885
51497
67900
20802
42758
50702
17379
30700
47598
14568
22611
8055
38792
14611
34947
77011
55561
39049
16321
7372
15027
6533
44103
1659
19134
64707
66614
80984
69125
42980
96818
46925
12235
10509
3386
93158
47880
29518
22626
28037
4563
37408
46127
14130
76174
32424
99662
99791
50985
19128
8497
99433
39476
50325
54951
96170
80036
86419
76119
53260
78913
82556
75225
87464
77514
30799
77137
79053
26597
6469
75688
9644
29383
87471
94025
1007
56604
72860
75189
70666
62388
78935
47524
68169
89610
43372
64665
55017
68562
21739
77888
40324
20223
23173
19622
50052
75502
59828
19029
26392
94514
69271
13099
43236
91229
99194
91894
16082
4743
67092
83342
97127
2622
70602
96783
51761
48395
9297
62641
63516
36541
70129
18182
16772
13876
90148
75279
2532
43787
38878
34171
74989
82179
65511
11261
55538
29225
71683
77673
10656
63139
9587
54411
37707
46652
20789
80293
28452
25993
26630
50883
60327
247
46631
87803
18288
92787
51037
66598
23885
85558
65842
12246
5391
69323
37690
87028
23258
10751
15536
30647
52156
56547
26270
40546
95290
61120
24955
3034
90022
43929
15215
45314
89133
96726
58099
48822
63533
97618
11059
63393
10563
42114
78453
14075
39746
63519
80083
44322
42944
88211
39203
